{"matrix":[[1431,1167,1152,1248,1269,1177,1261,943,1144,1038,887,1227,1233,1181,1284,1002,1278,1235,1150,1243,976,1275,1273,1267,1256,1276,1268,1235,1198,1251,1156,1129,1154,1171,1223,1183,1260,1198,1235,1138,1198,1213,1270,1230,996,1247,1266,1281,1274,1211,1226,1005,1156,1245,1284,1265,1222,1235,1264,1276,1269,1077,865,1015,1269,1257,1237,692,1270,1280,1259],[1167,1431,1136,1168,1182,1145,1174,951,1165,1053,888,1178,1163,1168,1187,1013,1177,1177,1242,1174,986,1178,1175,1174,1183,1176,1175,1172,1326,1149,1224,1149,1167,1286,1154,1260,1161,1270,1163,1257,1241,1151,1179,1162,993,1168,1179,1192,1176,1147,1170,997,1179,1161,1190,1167,1141,1163,1179,1186,1185,1077,812,1008,1182,1191,1170,669,1193,1191,1190],[1152,1136,1433,1163,1165,1231,1161,966,1210,1041,919,1178,1164,1222,1186,989,1187,1171,1145,1146,946,1178,1156,1148,1171,1177,1180,1183,1203,1130,1148,1174,1212,1191,1161,1216,1154,1218,1177,1149,1204,1140,1164,1146,1005,1177,1173,1201,1157,1156,1163,1000,1212,1178,1189,1169,1167,1188,1170,1168,1185,1086,835,1037,1170,1184,1183,693,1185,1187,1181],[1248,1168,1163,1424,1299,1166,1307,953,1158,1039,890,1275,1310,1153,1287,1015,1316,1283,1153,1335,961,1315,1321,1309,1269,1318,1284,1293,1215,1291,1170,1142,1166,1213,1310,1216,1301,1240,1257,1165,1223,1272,1309,1317,983,1274,1322,1300,1322,1243,1325,986,1158,1273,1291,1318,1251,1266,1305,1323,1280,1087,827,1012,1320,1275,1295,681,1304,1283,1307],[1269,1182,1165,1299,1430,1153,1407,963,1160,1025,905,1262,1298,1153,1332,1011,1349,1260,1162,1315,1006,1358,1363,1354,1307,1361,1326,1301,1207,1333,1190,1125,1139,1213,1306,1201,1396,1217,1272,1160,1215,1260,1340,1286,1000,1276,1359,1355,1369,1251,1312,996,1156,1276,1352,1352,1248,1275,1413,1368,1339,1075,840,1026,1365,1306,1301,689,1339,1334,1313],[1177,1145,1231,1166,1153,1420,1155,972,1282,1056,930,1159,1134,1354,1165,990,1174,1148,1154,1133,946,1161,1149,1144,1153,1164,1156,1180,1201,1123,1142,1267,1337,1174,1135,1218,1157,1226,1153,1144,1218,1139,1147,1128,971,1157,1160,1186,1150,1144,1155,985,1299,1159,1167,1164,1160,1160,1154,1148,1155,1073,838,1014,1158,1174,1180,689,1170,1159,1170],[1261,1174,1161,1307,1407,1155,1429,972,1168,1036,903,1262,1307,1153,1331,1021,1354,1260,1159,1316,989,1353,1363,1354,1307,1356,1320,1298,1212,1333,1196,1124,1144,1202,1310,1208,1388,1221,1269,1164,1213,1267,1335,1295,997,1278,1354,1350,1369,1252,1319,979,1160,1273,1341,1355,1242,1270,1413,1368,1329,1074,834,1025,1365,1309,1298,689,1339,1324,1327],[943,951,966,953,963,972,972,1430,988,904,970,967,965,985,948,884,970,960,936,983,1078,958,955,947,970,961,954,975,964,926,958,952,968,953,998,973,964,961,987,977,958,958,963,962,1077,961,964,973,958,947,958,1085,964,960,955,952,982,957,966,952,967,893,883,1021,954,977,975,791,979,969,964],[1144,1165,1210,1158,1160,1282,1168,988,1421,1051,902,1181,1156,1298,1158,977,1178,1170,1136,1158,950,1174,1165,1164,1186,1168,1155,1201,1220,1137,1141,1340,1298,1182,1165,1238,1160,1224,1170,1158,1206,1166,1162,1143,974,1171,1162,1194,1168,1130,1173,968,1358,1172,1164,1159,1168,1168,1162,1173,1170,1082,829,1035,1161,1192,1201,701,1180,1177,1184],[1038,1053,1041,1039,1025,1056,1036,904,1051,1439,875,1038,1031,1052,1045,1108,1037,1034,1044,1040,904,1029,1025,1015,1042,1027,1029,1047,1071,1004,1051,1049,1053,1044,1021,1072,1014,1090,1044,1077,1068,1015,1037,1035,965,1046,1030,1043,1026,1031,1030,914,1058,1039,1048,1032,1033,1053,1033,1031,1039,1000,832,947,1034,1047,1047,682,1049,1041,1053],[887,888,919,890,905,930,903,970,902,875,1426,907,909,919,907,863,911,908,915,921,980,903,899,891,931,900,906,928,907,874,927,892,907,924,914,898,898,892,920,931,904,904,903,906,991,926,904,919,899,900,908,978,895,924,918,896,910,923,896,903,917,889,904,956,903,909,930,790,923,912,896],[1227,1178,1178,1275,1262,1159,1262,967,1181,1038,907,1430,1277,1173,1250,1008,1279,1419,1131,1261,977,1269,1251,1241,1264,1265,1261,1238,1223,1225,1169,1177,1164,1204,1250,1222,1249,1256,1389,1156,1218,1239,1258,1266,995,1399,1273,1274,1250,1177,1278,997,1175,1404,1254,1258,1350,1231,1257,1257,1265,1099,834,1033,1259,1246,1239,670,1264,1271,1263],[1233,1163,1164,1310,1298,1134,1307,965,1156,1031,909,1277,1431,1154,1267,1022,1327,1285,1136,1318,976,1324,1316,1308,1272,1327,1281,1288,1193,1286,1153,1129,1135,1188,1307,1202,1291,1210,1267,1160,1191,1256,1301,1400,1015,1271,1313,1312,1317,1236,1311,1000,1150,1276,1282,1319,1246,1269,1299,1314,1290,1091,834,1037,1321,1290,1288,696,1298,1285,1285],[1181,1168,1222,1153,1153,1354,1153,985,1298,1052,919,1173,1154,1418,1171,989,1187,1162,1145,1147,941,1182,1165,1160,1177,1176,1160,1178,1210,1139,1138,1271,1335,1179,1143,1221,1149,1226,1165,1150,1204,1148,1164,1148,990,1167,1174,1195,1166,1138,1168,991,1308,1169,1183,1168,1170,1169,1154,1172,1176,1083,842,1027,1170,1192,1176,708,1183,1183,1175],[1284,1187,1186,1287,1332,1165,1331,948,1158,1045,907,1250,1267,1171,1437,1007,1342,1248,1152,1285,968,1342,1334,1324,1341,1343,1414,1290,1208,1308,1192,1127,1151,1196,1278,1209,1337,1219,1254,1157,1211,1251,1338,1271,1001,1274,1333,1377,1335,1244,1278,987,1161,1267,1392,1337,1241,1266,1341,1344,1375,1069,832,1023,1342,1300,1290,685,1360,1386,1361],[1002,1013,989,1015,1011,990,1021,884,977,1108,863,1008,1022,989,1007,1441,1022,1003,971,1006,879,1020,1012,1002,1024,1018,998,1005,993,995,977,971,991,999,984,1001,1011,1004,1010,1013,998,991,1010,1036,916,1004,1011,1019,1018,968,1001,888,977,1000,1015,1016,981,995,1014,1028,1004,997,838,913,1019,1009,1007,712,1020,1010,1008],[1278,1177,1187,1316,1349,1174,1354,970,1178,1037,911,1279,1327,1187,1342,1022,1435,1277,1161,1321,978,1417,1386,1378,1320,1420,1347,1298,1224,1354,1197,1159,1162,1213,1318,1235,1359,1240,1266,1183,1233,1257,1351,1311,1003,1282,1401,1390,1387,1248,1315,998,1179,1285,1352,1408,1265,1284,1352,1383,1348,1107,830,1031,1409,1316,1300,686,1379,1350,1333],[1235,1177,1171,1283,1260,1148,1260,960,1170,1034,908,1419,1285,1162,1248,1003,1277,1433,1139,1269,975,1267,1259,1249,1262,1263,1259,1246,1222,1233,1168,1166,1153,1203,1258,1221,1242,1255,1382,1155,1217,1247,1256,1274,1002,1397,1271,1272,1258,1185,1286,1000,1164,1402,1252,1256,1339,1239,1255,1265,1263,1097,830,1039,1257,1254,1247,663,1262,1269,1261],[1150,1242,1145,1153,1162,1154,1159,936,1136,1044,915,1131,1136,1145,1152,971,1161,1139,1436,1159,993,1152,1167,1163,1142,1152,1145,1179,1264,1131,1213,1110,1143,1252,1134,1218,1148,1235,1141,1243,1228,1146,1155,1127,1000,1144,1149,1166,1162,1156,1160,1014,1141,1137,1157,1148,1116,1166,1169,1157,1146,1075,795,994,1159,1178,1179,650,1175,1142,1171],[1243,1174,1146,1335,1315,1133,1316,983,1158,1040,921,1261,1318,1147,1285,1006,1321,1269,1159,1424,992,1322,1326,1316,1279,1327,1281,1304,1199,1294,1163,1127,1138,1196,1367,1201,1311,1218,1262,1175,1194,1288,1313,1314,1008,1251,1324,1312,1329,1246,1328,1008,1136,1258,1289,1319,1248,1287,1315,1331,1288,1079,838,1030,1321,1294,1304,697,1307,1294,1312],[976,986,946,961,1006,946,989,1078,950,904,980,977,976,941,968,879,978,975,993,992,1442,987,987,975,985,989,963,1000,979,954,952,931,935,980,999,988,990,985,987,961,964,975,990,968,1154,981,998,981,990,969,979,1199,933,978,977,982,982,971,1000,982,974,917,901,1055,990,987,1001,766,987,971,968],[1275,1178,1178,1315,1358,1161,1353,958,1174,1029,903,1269,1324,1182,1342,1020,1417,1267,1152,1322,987,1435,1393,1385,1325,1427,1347,1301,1213,1361,1189,1155,1158,1210,1316,1227,1364,1234,1254,1173,1227,1257,1358,1308,1004,1271,1408,1390,1394,1251,1314,993,1175,1274,1357,1415,1252,1282,1361,1399,1353,1096,834,1034,1416,1315,1301,683,1373,1355,1323],[1273,1175,1156,1321,1363,1149,1363,955,1165,1025,899,1251,1316,1165,1334,1012,1386,1259,1167,1326,987,1393,1439,1427,1327,1398,1321,1307,1208,1399,1189,1124,1140,1201,1331,1209,1372,1224,1238,1162,1218,1277,1332,1316,1006,1263,1383,1366,1434,1244,1329,1007,1154,1258,1335,1386,1237,1294,1367,1416,1328,1067,827,1041,1399,1332,1307,689,1355,1336,1311],[1267,1174,1148,1309,1354,1144,1354,947,1164,1015,891,1241,1308,1160,1324,1002,1378,1249,1163,1316,975,1385,1427,1441,1319,1390,1315,1296,1207,1387,1181,1123,1137,1202,1319,1210,1363,1214,1228,1154,1219,1267,1324,1306,996,1253,1375,1358,1422,1236,1321,995,1154,1248,1327,1378,1227,1284,1359,1404,1320,1068,824,1038,1391,1322,1296,686,1347,1326,1303],[1256,1183,1171,1269,1307,1153,1307,970,1186,1042,931,1264,1272,1177,1341,1024,1320,1262,1142,1279,985,1325,1327,1319,1435,1321,1330,1282,1197,1291,1180,1150,1157,1196,1275,1202,1298,1209,1252,1153,1199,1264,1322,1266,1016,1276,1309,1355,1326,1223,1281,982,1182,1269,1350,1313,1235,1262,1313,1327,1343,1076,832,1042,1322,1285,1282,708,1347,1343,1332],[1276,1176,1177,1318,1361,1164,1356,961,1168,1027,900,1265,1327,1176,1343,1018,1420,1263,1152,1327,989,1427,1398,1390,1321,1434,1346,1304,1209,1366,1185,1147,1152,1210,1323,1225,1369,1232,1252,1171,1223,1262,1365,1311,1003,1267,1415,1391,1399,1254,1321,994,1169,1270,1351,1422,1250,1289,1364,1393,1349,1094,832,1030,1423,1320,1304,685,1376,1351,1328],[1268,1175,1180,1284,1326,1156,1320,954,1155,1029,906,1261,1281,1160,1414,998,1347,1259,1145,1281,963,1347,1321,1315,1330,1346,1436,1287,1198,1295,1189,1134,1151,1191,1286,1209,1331,1219,1265,1158,1209,1241,1341,1270,1000,1273,1334,1376,1322,1244,1273,979,1148,1278,1379,1340,1238,1255,1330,1331,1387,1072,830,1022,1335,1292,1287,679,1355,1393,1345],[1235,1172,1183,1293,1301,1180,1298,975,1201,1047,928,1238,1288,1178,1290,1005,1298,1246,1179,1304,1000,1301,1307,1296,1282,1304,1287,1431,1223,1281,1188,1157,1169,1215,1290,1242,1289,1248,1231,1191,1236,1264,1305,1271,1007,1240,1313,1317,1310,1292,1314,1006,1175,1243,1305,1296,1217,1298,1306,1304,1304,1082,843,1041,1303,1355,1429,694,1296,1300,1298],[1198,1326,1203,1215,1207,1201,1212,964,1220,1071,907,1223,1193,1210,1208,993,1224,1222,1264,1199,979,1213,1208,1207,1197,1209,1198,1223,1424,1182,1261,1202,1194,1362,1189,1319,1196,1341,1210,1279,1299,1171,1200,1191,995,1215,1207,1226,1209,1205,1201,1020,1232,1208,1204,1202,1183,1208,1207,1214,1197,1104,827,1029,1210,1237,1223,671,1227,1208,1216],[1251,1149,1130,1291,1333,1123,1333,926,1137,1004,874,1225,1286,1139,1308,995,1354,1233,1131,1294,954,1361,1399,1387,1291,1366,1295,1281,1182,1405,1163,1098,1114,1175,1301,1183,1342,1198,1212,1136,1192,1241,1306,1286,978,1237,1351,1340,1394,1217,1303,975,1128,1232,1309,1354,1207,1268,1337,1386,1302,1055,813,1013,1367,1306,1281,659,1329,1310,1285],[1156,1224,1148,1170,1190,1142,1196,958,1141,1051,927,1169,1153,1138,1192,977,1197,1168,1213,1163,952,1189,1189,1181,1180,1185,1189,1188,1261,1163,1432,1122,1136,1238,1145,1245,1186,1250,1164,1286,1241,1130,1186,1143,971,1174,1188,1201,1185,1167,1175,988,1136,1171,1193,1182,1139,1171,1195,1190,1184,1028,797,997,1187,1210,1190,640,1191,1179,1175],[1129,1149,1174,1142,1125,1267,1124,952,1340,1049,892,1177,1129,1271,1127,971,1159,1166,1110,1127,931,1155,1124,1123,1150,1147,1134,1157,1202,1098,1122,1425,1268,1175,1122,1216,1118,1224,1165,1135,1200,1125,1141,1120,945,1162,1145,1166,1125,1115,1131,946,1332,1167,1138,1149,1155,1135,1122,1134,1140,1076,824,1002,1139,1151,1157,688,1158,1144,1150],[1154,1167,1212,1166,1139,1337,1144,968,1298,1053,907,1164,1135,1335,1151,991,1162,1153,1143,1138,935,1158,1140,1137,1157,1152,1151,1169,1194,1114,1136,1268,1417,1166,1137,1224,1135,1210,1153,1148,1197,1154,1157,1133,969,1159,1153,1174,1141,1128,1156,969,1290,1161,1162,1152,1159,1157,1147,1150,1155,1096,843,1018,1151,1172,1169,699,1169,1158,1164],[1171,1286,1191,1213,1213,1174,1202,953,1182,1044,924,1204,1188,1179,1196,999,1213,1203,1252,1196,980,1210,1201,1202,1196,1210,1191,1215,1362,1175,1238,1175,1166,1426,1186,1294,1199,1300,1206,1261,1279,1168,1211,1180,1004,1192,1213,1225,1202,1193,1202,1033,1198,1189,1219,1203,1181,1197,1208,1205,1201,1111,819,1034,1210,1210,1217,670,1233,1198,1211],[1223,1154,1161,1310,1306,1135,1310,998,1165,1021,914,1250,1307,1143,1278,984,1318,1258,1134,1367,999,1316,1331,1319,1275,1323,1286,1290,1189,1301,1145,1122,1137,1186,1427,1191,1309,1213,1245,1153,1180,1281,1297,1301,1022,1245,1311,1306,1334,1241,1323,1010,1139,1246,1278,1315,1234,1290,1307,1340,1297,1073,836,1048,1316,1291,1292,689,1309,1305,1304],[1183,1260,1216,1216,1201,1218,1208,973,1238,1072,898,1222,1202,1221,1209,1001,1235,1221,1218,1201,988,1227,1209,1210,1202,1225,1209,1242,1319,1183,1245,1216,1224,1294,1191,1430,1207,1362,1204,1253,1309,1192,1215,1190,1005,1209,1231,1236,1211,1200,1222,1017,1245,1209,1214,1221,1199,1209,1207,1216,1214,1101,840,1030,1219,1238,1244,670,1223,1209,1226],[1260,1161,1154,1301,1396,1157,1388,964,1160,1014,898,1249,1291,1149,1337,1011,1359,1242,1148,1311,990,1364,1372,1363,1298,1369,1331,1289,1196,1342,1186,1118,1135,1199,1309,1207,1435,1208,1267,1162,1201,1254,1325,1286,986,1264,1359,1346,1378,1242,1311,999,1157,1264,1335,1362,1244,1269,1393,1377,1325,1064,836,1020,1365,1292,1291,680,1332,1329,1315],[1198,1270,1218,1240,1217,1226,1221,961,1224,1090,892,1256,1210,1226,1219,1004,1240,1255,1235,1218,985,1234,1224,1214,1209,1232,1219,1248,1341,1198,1250,1224,1210,1300,1213,1362,1208,1431,1241,1260,1339,1202,1223,1206,1013,1240,1238,1242,1225,1220,1232,1007,1234,1245,1218,1230,1216,1229,1219,1228,1225,1100,823,1032,1226,1258,1246,658,1228,1231,1234],[1235,1163,1177,1257,1272,1153,1269,987,1170,1044,920,1389,1267,1165,1254,1010,1266,1382,1141,1262,987,1254,1238,1228,1252,1252,1265,1231,1210,1212,1164,1165,1153,1206,1245,1204,1267,1241,1426,1155,1210,1243,1257,1252,1007,1385,1260,1263,1237,1187,1260,1013,1162,1390,1254,1247,1357,1235,1269,1245,1269,1107,835,1030,1246,1244,1232,680,1267,1275,1253],[1138,1257,1149,1165,1160,1144,1164,977,1158,1077,931,1156,1160,1150,1157,1013,1183,1155,1243,1175,961,1173,1162,1154,1153,1171,1158,1191,1279,1136,1286,1135,1148,1261,1153,1253,1162,1260,1155,1426,1239,1140,1168,1163,990,1139,1167,1188,1165,1171,1169,1015,1174,1138,1164,1166,1145,1175,1165,1168,1158,1057,809,1005,1172,1194,1191,670,1194,1155,1179],[1198,1241,1204,1223,1215,1218,1213,958,1206,1068,904,1218,1191,1204,1211,998,1233,1217,1228,1194,964,1227,1218,1219,1199,1223,1209,1236,1299,1192,1241,1200,1197,1279,1180,1309,1201,1339,1210,1239,1437,1184,1209,1184,990,1218,1226,1233,1219,1218,1217,995,1223,1214,1232,1213,1190,1216,1215,1222,1226,1108,815,1012,1226,1243,1234,661,1224,1221,1216],[1213,1151,1140,1272,1260,1139,1267,958,1166,1015,904,1239,1256,1148,1251,991,1257,1247,1146,1288,975,1257,1277,1267,1264,1262,1241,1264,1171,1241,1130,1125,1154,1168,1281,1192,1254,1202,1243,1140,1184,1417,1276,1255,979,1248,1268,1272,1275,1200,1318,973,1144,1247,1250,1262,1238,1286,1270,1265,1264,1065,806,1007,1260,1280,1266,680,1272,1270,1283],[1270,1179,1164,1309,1340,1147,1335,963,1162,1037,903,1258,1301,1164,1338,1010,1351,1256,1155,1313,990,1358,1332,1324,1322,1365,1341,1305,1200,1306,1186,1141,1157,1211,1297,1215,1325,1223,1257,1168,1209,1276,1427,1282,1000,1265,1368,1374,1333,1236,1326,992,1161,1268,1353,1355,1241,1290,1343,1330,1351,1091,833,1031,1362,1315,1305,681,1377,1345,1347],[1230,1162,1146,1317,1286,1128,1295,962,1143,1035,906,1266,1400,1148,1271,1036,1311,1274,1127,1314,968,1308,1316,1306,1266,1311,1270,1271,1191,1286,1143,1120,1133,1180,1301,1190,1286,1206,1252,1163,1184,1255,1282,1433,1001,1264,1299,1298,1317,1228,1293,997,1149,1261,1273,1307,1235,1267,1290,1314,1269,1074,835,1027,1313,1284,1271,700,1292,1275,1275],[996,993,1005,983,1000,971,997,1077,974,965,991,995,1015,990,1001,916,1003,1002,1000,1008,1154,1004,1006,996,1016,1003,1000,1007,995,978,971,945,969,1004,1022,1005,986,1013,1007,990,990,979,1000,1001,1442,993,999,1015,1009,976,996,1190,963,994,1008,995,1013,1002,997,1015,1010,943,880,1185,997,1010,1008,745,1014,1015,998],[1247,1168,1177,1274,1276,1157,1278,961,1171,1046,926,1399,1271,1167,1274,1004,1282,1397,1144,1251,981,1271,1263,1253,1276,1267,1273,1240,1215,1237,1174,1162,1159,1192,1245,1209,1264,1240,1385,1139,1218,1248,1265,1264,993,1434,1275,1276,1262,1188,1279,995,1162,1427,1269,1264,1344,1238,1278,1270,1277,1093,846,1030,1271,1248,1242,671,1277,1283,1269],[1266,1179,1173,1322,1359,1160,1354,964,1162,1030,904,1273,1313,1174,1333,1011,1401,1271,1149,1324,998,1408,1383,1375,1309,1415,1334,1313,1207,1351,1188,1145,1153,1213,1311,1231,1359,1238,1260,1167,1226,1268,1368,1299,999,1275,1428,1372,1384,1245,1329,995,1164,1280,1349,1404,1258,1290,1362,1376,1354,1097,834,1026,1412,1320,1313,678,1357,1348,1316],[1281,1192,1201,1300,1355,1186,1350,973,1194,1043,919,1274,1312,1195,1377,1019,1390,1272,1166,1312,981,1390,1366,1358,1355,1391,1376,1317,1226,1340,1201,1166,1174,1225,1306,1236,1346,1242,1263,1188,1233,1272,1374,1298,1015,1276,1372,1438,1367,1255,1320,996,1189,1279,1386,1382,1252,1287,1358,1369,1376,1102,834,1048,1380,1330,1317,687,1405,1378,1354],[1274,1176,1157,1322,1369,1150,1369,958,1168,1026,899,1250,1317,1166,1335,1018,1387,1258,1162,1329,990,1394,1434,1422,1326,1399,1322,1310,1209,1394,1185,1125,1141,1202,1334,1211,1378,1225,1237,1165,1219,1275,1333,1317,1009,1262,1384,1367,1440,1245,1325,1010,1155,1257,1336,1387,1235,1292,1373,1422,1329,1068,828,1041,1400,1328,1310,692,1356,1337,1312],[1211,1147,1156,1243,1251,1144,1252,947,1130,1031,900,1177,1236,1138,1244,968,1248,1185,1156,1246,969,1251,1244,1236,1223,1254,1244,1292,1205,1217,1167,1115,1128,1193,1241,1200,1242,1220,1187,1171,1218,1200,1236,1228,976,1188,1245,1255,1245,1440,1241,978,1150,1184,1247,1254,1179,1223,1259,1248,1250,1052,842,993,1258,1284,1291,680,1245,1246,1255],[1226,1170,1163,1325,1312,1155,1319,958,1173,1030,908,1278,1311,1168,1278,1001,1315,1286,1160,1328,979,1314,1329,1321,1281,1321,1273,1314,1201,1303,1175,1131,1156,1202,1323,1222,1311,1232,1260,1169,1217,1318,1326,1293,996,1279,1329,1320,1325,1241,1428,986,1157,1280,1294,1314,1251,1300,1317,1321,1304,1080,828,1044,1321,1321,1316,680,1312,1301,1326],[1005,997,1000,986,996,985,979,1085,968,914,978,997,1000,991,987,888,998,1000,1014,1008,1199,993,1007,995,982,994,979,1006,1020,975,988,946,969,1033,1010,1017,999,1007,1013,1015,995,973,992,997,1190,995,995,996,1010,978,986,1447,960,992,996,989,1018,1002,989,1003,982,946,901,1123,990,992,1007,760,1006,987,986],[1156,1179,1212,1158,1156,1299,1160,964,1358,1058,895,1175,1150,1308,1161,977,1179,1164,1141,1136,933,1175,1154,1154,1182,1169,1148,1175,1232,1128,1136,1332,1290,1198,1139,1245,1157,1234,1162,1174,1223,1144,1161,1149,963,1162,1164,1189,1155,1150,1157,960,1427,1165,1170,1171,1172,1169,1153,1165,1160,1088,829,1009,1165,1176,1175,689,1182,1164,1187],[1245,1161,1178,1273,1276,1159,1273,960,1172,1039,924,1404,1276,1169,1267,1000,1285,1402,1137,1258,978,1274,1258,1248,1269,1270,1278,1243,1208,1232,1171,1167,1161,1189,1246,1209,1264,1245,1390,1138,1214,1247,1268,1261,994,1427,1280,1279,1257,1184,1280,992,1165,1434,1267,1265,1349,1236,1273,1263,1282,1098,844,1031,1264,1249,1245,668,1270,1288,1262],[1284,1190,1189,1291,1352,1167,1341,955,1164,1048,918,1254,1282,1183,1392,1015,1352,1252,1157,1289,977,1357,1335,1327,1350,1351,1379,1305,1204,1309,1193,1138,1162,1219,1278,1214,1335,1218,1254,1164,1232,1250,1353,1273,1008,1269,1349,1386,1336,1247,1294,996,1170,1267,1440,1341,1242,1270,1351,1350,1394,1094,838,1036,1355,1311,1305,681,1370,1386,1354],[1265,1167,1169,1318,1352,1164,1355,952,1159,1032,896,1258,1319,1168,1337,1016,1408,1256,1148,1319,982,1415,1386,1378,1313,1422,1340,1296,1202,1354,1182,1149,1152,1203,1315,1221,1362,1230,1247,1166,1213,1262,1355,1307,995,1264,1404,1382,1387,1254,1314,989,1171,1265,1341,1433,1247,1281,1363,1381,1339,1090,829,1022,1411,1311,1296,678,1365,1341,1322],[1222,1141,1167,1251,1248,1160,1242,982,1168,1033,910,1350,1246,1170,1241,981,1265,1339,1116,1248,982,1252,1237,1227,1235,1250,1238,1217,1183,1207,1139,1155,1159,1181,1234,1199,1244,1216,1357,1145,1190,1238,1241,1235,1013,1344,1258,1252,1235,1179,1251,1018,1172,1349,1242,1247,1423,1223,1245,1242,1244,1078,812,1040,1244,1231,1219,677,1253,1250,1247],[1235,1163,1188,1266,1275,1160,1270,957,1168,1053,923,1231,1269,1169,1266,995,1284,1239,1166,1287,971,1282,1294,1284,1262,1289,1255,1298,1208,1268,1171,1135,1157,1197,1290,1209,1269,1229,1235,1175,1216,1286,1290,1267,1002,1238,1290,1287,1292,1223,1300,1002,1169,1236,1270,1281,1223,1427,1276,1290,1277,1085,846,1053,1280,1316,1298,668,1284,1288,1281],[1264,1179,1170,1305,1413,1154,1413,966,1162,1033,896,1257,1299,1154,1341,1014,1352,1255,1169,1315,1000,1361,1367,1359,1313,1364,1330,1306,1207,1337,1195,1122,1147,1208,1307,1207,1393,1219,1269,1165,1215,1270,1343,1290,997,1278,1362,1358,1373,1259,1317,989,1153,1273,1351,1363,1245,1276,1429,1372,1340,1070,835,1027,1373,1308,1306,680,1347,1334,1325],[1276,1186,1168,1323,1368,1148,1368,952,1173,1031,903,1257,1314,1172,1344,1028,1383,1265,1157,1331,982,1399,1416,1404,1327,1393,1331,1304,1214,1386,1190,1134,1150,1205,1340,1216,1377,1228,1245,1168,1222,1265,1330,1314,1015,1270,1376,1369,1422,1248,1321,1003,1165,1263,1350,1381,1242,1290,1372,1441,1341,1076,837,1045,1394,1324,1306,684,1356,1349,1312],[1269,1185,1185,1280,1339,1155,1329,967,1170,1039,917,1265,1290,1176,1375,1004,1348,1263,1146,1288,974,1353,1328,1320,1343,1349,1387,1304,1197,1302,1184,1140,1155,1201,1297,1214,1325,1225,1269,1158,1226,1264,1351,1269,1010,1277,1354,1376,1329,1250,1304,982,1160,1282,1394,1339,1244,1277,1340,1341,1438,1090,844,1037,1346,1315,1304,679,1349,1430,1339],[1077,1077,1086,1087,1075,1073,1074,893,1082,1000,889,1099,1091,1083,1069,997,1107,1097,1075,1079,917,1096,1067,1068,1076,1094,1072,1082,1104,1055,1028,1076,1096,1111,1073,1101,1064,1100,1107,1057,1108,1065,1091,1074,943,1093,1097,1102,1068,1052,1080,946,1088,1098,1094,1090,1078,1085,1070,1076,1090,1421,816,959,1089,1076,1082,688,1103,1084,1083],[865,812,835,827,840,838,834,883,829,832,904,834,834,842,832,838,830,830,795,838,901,834,827,824,832,832,830,843,827,813,797,824,843,819,836,840,836,823,835,809,815,806,833,835,880,846,834,834,828,842,828,901,829,844,838,829,812,846,835,837,844,816,1400,898,836,844,845,832,824,844,834],[1015,1008,1037,1012,1026,1014,1025,1021,1035,947,956,1033,1037,1027,1023,913,1031,1039,994,1030,1055,1034,1041,1038,1042,1030,1022,1041,1029,1013,997,1002,1018,1034,1048,1030,1020,1032,1030,1005,1012,1007,1031,1027,1185,1030,1026,1048,1041,993,1044,1123,1009,1031,1036,1022,1040,1053,1027,1045,1037,959,898,1425,1023,1035,1041,724,1041,1042,1031],[1269,1182,1170,1320,1365,1158,1365,954,1161,1034,903,1259,1321,1170,1342,1019,1409,1257,1159,1321,990,1416,1399,1391,1322,1423,1335,1303,1210,1367,1187,1139,1151,1210,1316,1219,1365,1226,1246,1172,1226,1260,1362,1313,997,1271,1412,1380,1400,1258,1321,990,1165,1264,1355,1411,1244,1280,1373,1394,1346,1089,836,1023,1432,1319,1303,684,1377,1340,1329],[1257,1191,1184,1275,1306,1174,1309,977,1192,1047,909,1246,1290,1192,1300,1009,1316,1254,1178,1294,987,1315,1332,1322,1285,1320,1292,1355,1237,1306,1210,1151,1172,1210,1291,1238,1292,1258,1244,1194,1243,1280,1315,1284,1010,1248,1320,1330,1328,1284,1321,992,1176,1249,1311,1311,1231,1316,1308,1324,1315,1076,844,1035,1319,1432,1355,699,1309,1320,1293],[1237,1170,1183,1295,1301,1180,1298,975,1201,1047,930,1239,1288,1176,1290,1007,1300,1247,1179,1304,1001,1301,1307,1296,1282,1304,1287,1429,1223,1281,1190,1157,1169,1217,1292,1244,1291,1246,1232,1191,1234,1266,1305,1271,1008,1242,1313,1317,1310,1291,1316,1007,1175,1245,1305,1296,1219,1298,1306,1306,1304,1082,845,1041,1303,1355,1431,694,1298,1300,1298],[692,669,693,681,689,689,689,791,701,682,790,670,696,708,685,712,686,663,650,697,766,683,689,686,708,685,679,694,671,659,640,688,699,670,689,670,680,658,680,670,661,680,681,700,745,671,678,687,692,680,680,760,689,668,681,678,677,668,680,684,679,688,832,724,684,699,694,1368,689,682,679],[1270,1193,1185,1304,1339,1170,1339,979,1180,1049,923,1264,1298,1183,1360,1020,1379,1262,1175,1307,987,1373,1355,1347,1347,1376,1355,1296,1227,1329,1191,1158,1169,1233,1309,1223,1332,1228,1267,1194,1224,1272,1377,1292,1014,1277,1357,1405,1356,1245,1312,1006,1182,1270,1370,1365,1253,1284,1347,1356,1349,1103,824,1041,1377,1309,1298,689,1435,1351,1365],[1280,1191,1187,1283,1334,1159,1324,969,1177,1041,912,1271,1285,1183,1386,1010,1350,1269,1142,1294,971,1355,1336,1326,1343,1351,1393,1300,1208,1310,1179,1144,1158,1198,1305,1209,1329,1231,1275,1155,1221,1270,1345,1275,1015,1283,1348,1378,1337,1246,1301,987,1164,1288,1386,1341,1250,1288,1334,1349,1430,1084,844,1042,1340,1320,1300,682,1351,1441,1341],[1259,1190,1181,1307,1313,1170,1327,964,1184,1053,896,1263,1285,1175,1361,1008,1333,1261,1171,1312,968,1323,1311,1303,1332,1328,1345,1298,1216,1285,1175,1150,1164,1211,1304,1226,1315,1234,1253,1179,1216,1283,1347,1275,998,1269,1316,1354,1312,1255,1326,986,1187,1262,1354,1322,1247,1281,1325,1312,1339,1083,834,1031,1329,1293,1298,679,1365,1341,1428]],"species":["African bush elephant","Alpine newt","American alligator","American beaver","American black bear","American robin","Asian black bear","Asian lady beetle","Bald Eagle","Bearded Dragon","Black garden ant","Bonobo","Brown rat","Cardinal","Cattle","Chameleon","Cheetah","Chimpanzee","Chinese giant salamander","Chipmunk","Common clothes moth","Cougar","Dingo","Dog","Dolphin","Domestic Cat","Domestic Yak","Eastern gray kangaroo","Eastern newt","Eastern wolf","Edible frog","Eurasian eagle-owl","Eurasian golden oriole","Fire salamander","Fox squirrel","Fugu rubripes","Giant panda","Goldfish","Gorilla","Gray treefrog","Great white shark","Guinea pig","Horse","House mouse","Housefly","Human","Hyaena","Indian rhinoceros","Indian wolf","Koala","Malayan porcupine","Monarch butterfly","Mourning dove","Neanderthal","Northern giraffe","Ocelot","Orangutan","Platypus","Polar bear","Red fox","Reindeer","Russels viper","Spotted Lanternfly","Termite","Tiger","Virginia opossum","Wallaby","Western honeybee","White rhinoceros","White-tailed deer","Wild boar"]}